36
131 194
39123 27753 65599 12999 93908 41945 40991 5177 43225 48396 17524 7875 23171 10793 36170 87860 58707 92781 10715 21659 10063 35126 98519 47540 87738 2714 92449 81702 74486 30227 28216 25939 64710 21200 82999 69396 56991 85755 68343 60111 17269 85875 17819 84434 84775 18402 90059 42016 19035 13138 44131 75247 65592 8784 98347 97132 54393 99422 34051 67292 24971 57616 21420 42844 87769 8990 53597 82683 83754 37031 42589 58748 58727 89808 10914 61128 2257 40236 14636 90552 55712 64423 55794 6341 51387 28041 48366 29089 34416 69140 11673 3040 61200 30322 19447 10225 44608 29307 53399 94040 74717 1282 70294 98923 88218 16222 40585 12044 82440 61069 59282 80352 41480 2405 45261 30036 29304 2549 74436 90964 98246 23828 11069 30495 5067 74752 84181 25006 76082 11800 97038 32789 92423 5888 80839 92625 59689 59214 73773 82887 83 491 19121 15794 36702 19177 88753 56782 32717 77399 17199 53227 28653 5468 88955 85287 70002 13788 63753 76206 55521 45806 68811 48548 51762 68743 92923 33030 7744 38442 87084 18093 70694 47423 70527 36135 45565 32274 10410 1144 16290 37833 9260 56680 4773 2159 27074 35333 73728 99013 74372 64602 23769 34644
205 191
75062 27332 90949 50311 50583 23999 99207 54977 27717 27680 39629 30000 11199 37665 82273 26432 25881 65972 87038 49689 16635 57593 81020 37244 57024 59299 3283 92844 10086 87738 89312 96374 1922 2222 85204 683 80560 47294 78965 87257 44839 65853 37018 31696 89563 76356 64752 9143 84373 98824 91117 88415 22592 73562 6832 3019 38102 39535 18040 79605 71762 10888 19530 5152 45068 25994 16027 97713 98772 29525 32443 66135 13741 5858 25603 42970 25230 88811 17244 18758 41019 76748 77816 37324 30235 55747 32870 25980 3137 26040 4922 35137 49397 60526 44202 68669 96822 89449 27336 67934 6727 58238 27150 30867 55773 90470 79944 28910 67394 96846 98628 12323 96566 37366 29555 90527 16310 46925 56299 80234 81526 44999 66432 92061 51052 69748 91618 54531 6807 80750 71868 53377 78478 24416 87092 12171 18240 50170 72166 14136 62656 66313 48454 69188 71328 84539 25155 88279 44446 43567 80684 70349 72299 48476 57679 15450 37392 29084 70747 50834 69367 40477 41444 96429 67910 60967 61452 68823 41037 36381 34551 19176 47578 36169 97303 26545 84108 25259 81081 54833 34205 37493 76175 63739 72510 13475 75645 24135 27906 23433 26152
696 368
19734 91050 39164 38260 86647 89278 28920 130 79260 95436 58755 7875 36602 29212 99410 12319 51874 13654 8592 85057 49689 76112 77170 54016 38894 14512 47915 80804 46499 18003 25651 75844 84819 52238 56178 22182 97033 89887 7999 19937 90620 90247 26542 27465 14977 34176 26301 8304 34183 2325 66142 17712 9685 28921 36925 76193 95792 53489 37943 50987 93801 30240 77672 27248 34801 84843 3868 20736 32737 39709 29563 80323 58318 28141 85668 41180 27026 69111 66348 9617 84505 84875 39478 69516 48424 55327 28236 35889 47226 26904 59623 72030 75956 84313 72411 32978 20017 64448 95776 84504 77094 90294 9752 47661 71412 4093 85881 72106 68565 94410 66513 54871 52003 1843 80314 97976 87591 93812 94606 59029 8957 53094 96345 10232 71150 46697 27456 74675 25483 97851 60091 96219 56261 61557 74040 80170 6900 6904 86161 5062 50665 64343 59140 88331 57895 68663 48725 92302 11730 24576 84282 44806 33801 23633 45495 47877 70549 62275 82665 59856 26504 56034 31765 88753 27985 50247 32992 71034 29084 79273 45831 93019 65604 32655 44986 43861 13493 91269 72232 67829 19176 39791 90185 83722 29496 85663 49134 49655 17861 16776 2047 95346 39348 20975 24135 51723 53875 70789 32800 45311 43938 7568 23152 57063 30666 16290 41742 1473 43996 549 23769 66259 76879 97901 68829 57776 37451 38339 72230 4227 19900 72291 52494 44663 77502 98190 9040 52276 17923 83258 60690 90101 5781 87799 47985 87124 50668 38131 52658 68943 74119 40150 14361 48262 57631 69964 51973 76133 64575 20575 85614 19476 51431 40522 25073 84242 77433 93902 9845 42539 21329 54096 1438 21602 81744 27352 10394 49754 11668 30899 59835 79151 74613 88390 42166 27419 70829 2709 23750 50468 168 1451 95839 1814 60900 17665 5634 22635 36243 17337 7613 26806 78979 4373 41825 45970 33057 94681 10668 7188 65617 11129 70688 51207 5309 60021 18112 97131 61125 84450 89531 43048 11026 60680 44254 45499 45544 83674 7777 66448 30338 21465 49725 38227 77939 4968 77732 80278 78380 95385 30735 22007 78234 27670 63443 53339 24345 22881 48958 83109 88858 41534 56995 83804 77842 52743 5603 65054 7730 54401 5415 84750 10068 82102 91535 64924 68233 55087 19315 3388 80690 96081 71356 746 18534 17612 14603 82839
555 182
27073 28567 49808 45506 1395 62157 13786 292 32338 48567 1859 42480 6316 81449 8937 55925 10948 8272 40648 17670 1603 75284 2425 87305 29647 52563 88143 80533 21369 58547 11675 70499 19132 98943 71394 80751 42802 29698 30491 96721 25336 2222 18400 80737 83039 62932 56714 50208 20104 31114 54106 38506 19343 85706 24905 79890 93620 69374 22592 89144 68180 29984 76374 13967 94750 79610 75887 92999 43458 48713 81441 78697 71654 62239 12950 23796 1774 94347 48895 38487 78855 99038 61212 11952 71552 11687 41329 65101 5561 75792 12734 51281 53370 27872 44317 77010 19899 66050 97951 65310 18650 42857 3182 21127 85953 10302 39669 60830 8899 81036 6149 73164 22406 92161 35176 58267 15202 70480 28684 18595 95086 93153 96085 92137 25319 22010 35065 44065 42305 1424 5108 11069 5585 59904 19727 72605 85662 38541 84657 41555 91229 87741 89247 47441 42819 80930 16480 85943 10431 18725 69079 21098 69211 25987 82529 7845 56952 94712 96552 71208 74683 23677 18432 56428 7229 68900 18768 79701 40037 94180 33285 25555 89539 11723 54192 67303 14399 71426 6540 93260 11491 26157
269 352
23967 77705 71187 45425 75951 94549 92022 85283 77393 31033 38702 98776 29000 96097 46499 60881 47330 89559 31066 94051 52734 38372 2319 5506 20925 53314 88852 44080 89562 20059 73734 85142 76693 13178 78032 30243 21557 61999 72134 755 78068 25678 32574 44707 35016 37137 71671 92675 97743 66345 20990 43642 76743 33894 9404 51647 78399 70032 13678 27748 1225 9408 21502 97429 40713 32694 45174 47623 62798 58748 75997 78271 67517 6180 79400 89986 31085 21982 34565 48329 69141 75716 25980 75559 36542 80651 75712 16769 86188 60526 14317 13160 29326 30260 36553 56370 84420 84751 60717 81436 32089 74605 22030 14259 88401 66863 33194 78603 88399 96566 58666 63033 95652 90527 37241 40496 81318 7525 27830 87525 11667 61226 94570 99679 24681 70335 16628 26088 16667 46391 49216 93506 1807 12575 53272 17533 21496 82665 31069 40200 67733 20969 59909 78256 83915 64076 57564 60317 80591 39935 42577 59622 28554 27102 77537 65702 43919 59732 78761 26545 28979 82529 80904 67837 79928 99290 32940 69630 8841 19946 43434 57932 94777 15352 2956 23365 6685 61651 40543 23163 50138 60447 45388 54431 54348 94206 20024 42472 2720 23902 8891 49422 18748 2915 20885 23094 68846 52696 69080 81589 41796 43921 24297 9225 30186 31341 45320 68562 74463 33566 58210 9613 72952 89094 69964 66219 17990 87316 3680 90169 8009 694 97813 16079 21720 38098 39473 21916 72965 41333 28119 94270 12345 48806 74676 11075 37576 51614 20002 37365 40255 33407 64527 41851 99817 63081 16654 70225 38094 56904 32055 20230 84652 3559 12551 11072 35655 84046 73564 16425 63890 26798 88795 71103 78962 58026 75918 80605 94604 56591 39790 31629 56561 62688 7231 20423 52910 245 99057 98139 83826 95837 36774 9270 49857 4263 2052 20934 56284 43934 9184 88601 43853 24275 76937 75875 12192 78168 8930 68953 5261 93330 59587 11361 29276 53072 22684 5417 84528 54708 13183 42707 37513 56245 84271 9953 86859 61032 67539 11001 18177 49269 59001 72845 10645 27232 89156 22983 96363 3371 63110 41513 65945 38889 18720 57819 11664 26678 89962 96063 19931 83943 47862 43152 74977 66406 30844 20000 12559 11205 59827 22002
209 175
56274 74594 23766 29464 39957 34146 92751 55663 77998 88554 86616 59445 15873 75322 2422 31727 2984 88808 99004 8248 45077 50963 69999 4391 40398 95405 88360 67641 63183 88852 92953 53786 5223 75323 72777 39268 6493 1982 16582 43021 60805 95909 60765 13168 52507 19917 63515 84594 36925 79487 57945 70228 36162 88442 34567 94339 45216 18949 45370 76856 51869 18579 42730 29525 38487 7917 28228 45721 93733 37070 97234 99961 69464 70275 73055 40571 71694 15403 56664 27975 6180 71473 82748 76048 37080 9384 2033 79580 85343 59000 65089 90316 35017 19074 15417 74921 76136 39495 78706 73124 86039 85490 21996 5394 23520 41509 87093 47507 81771 65391 6062 16805 54204 53486 4382 89660 47822 47771 7391 50057 98694 75684 60691 796 60091 97851 21863 1424 10876 28072 5062 90060 97036 11360 92846 17464 89525 69440 53865 46219 35826 79988 50499 3731 75245 55803 65694 11000 47576 31985 56456 55495 30290 61972 9635 1202 14301 74746 25061 69736 3535 36496 93996 44928 45381 67751 25793 87170 37415 46233 84574 58537 95574 48155 91676
8 167
81498 83340 8910 39123 80723 95679 54977 27148 36263 98639 95311 68750 1787 32146 19465 84529 26499 94549 15766 49133 9157 63072 71153 78220 29457 82842 59433 41030 68293 42769 45945 37171 80118 79418 76554 52227 73556 19651 7774 9358 64473 86758 65890 10745 3693 73624 79125 49127 39985 62365 3046 17757 62671 62813 94495 31115 86507 10885 54447 55297 24654 82835 80408 16081 14503 24328 21782 98198 60885 59667 49622 26497 46785 72437 70032 78801 40713 23957 28406 97756 91434 39637 96462 44877 71694 89828 12540 55920 79998 51206 60041 9192 76938 53897 31970 27513 7121 34812 10632 47436 80252 11034 53001 67581 39495 687 10019 76266 94807 20778 81013 40848 46605 75049 51380 66380 21350 67853 48529 66863 61053 16805 62654 67394 2742 25518 43883 65109 3894 37185 56358 2026 69799 15956 91531 5972 71454 35713 90853 44366 11084 49375 77929 70189 62861 82245 54548 80011 95522 94025 81099 69739 53275 36488 62373 18985 91517 15573 10279 74177 93859 56408 38785 91696 40651 27309 73619
373 164
6887 26054 99636 9005 55487 85504 39164 81102 63529 14945 58891 95528 72914 63509 12177 48238 91631 32368 48860 29000 25789 77170 69355 81020 43192 63613 65371 75833 48348 66065 51705 33190 42793 36955 94661 78158 74329 92757 81023 30502 18956 33317 48660 78388 29016 53893 95909 2977 83257 59907 68551 29484 45273 65396 83605 26954 90572 49167 3704 73714 34185 54844 66995 33130 60353 99187 6553 67292 81039 75655 51869 10853 87534 65172 79203 64588 39013 88997 72052 47222 14578 63526 75723 6341 39121 34912 23836 34565 70205 55678 31852 76290 36218 56295 25845 69920 64102 44134 82247 96136 78771 98034 14317 51330 99963 27928 85101 48377 37024 8471 54949 58066 38775 88962 15759 80668 70518 17505 63573 70014 17325 52732 38457 52268 74040 28768 25938 53060 59817 44553 32272 22092 12267 96151 78493 92819 79960 96815 95576 76735 85523 95297 18487 93177 31155 40271 70211 61948 99235 9262 93426 71176 69747 29015 54281 79330 79873 91760 7098 78137 81120 17701 51790 80961
594 163
24856 95675 1968 8910 77811 99743 13423 94120 52301 25255 1667 68634 54035 94007 18435 17932 94633 18504 21682 72829 6181 58851 61321 11379 86360 47755 60881 63867 65898 82351 84312 67930 92275 28198 96113 29339 35999 28216 90023 1116 50310 45335 59042 20404 21533 20268 33848 23797 97000 12199 81581 1932 61977 59966 37433 66330 13144 14783 3123 61469 37303 90045 95792 97028 56314 99738 12923 30108 32342 29197 27713 42607 82212 30973 76545 45910 91735 92244 8702 47132 12326 72382 5887 25427 99093 99765 77113 34525 22546 97668 24110 93098 60819 17564 30370 77762 55712 87421 20269 72893 86513 92386 24457 52188 23921 94022 79587 69038 33437 22653 2793 59595 22294 80022 19944 67752 98941 16578 11482 9032 61864 38400 25491 40558 5438 96855 81293 24262 67346 80476 9011 76102 35158 57863 36465 16882 99914 76390 19119 23560 34439 94069 98246 82340 43114 65179 21981 21409 28204 5067 82490 1475 19848 717 63283 96655 26764 9601 78925 77741 11999 13035 56629
953 153
18302 55487 32316 2295 23556 33393 66755 63103 27148 25435 47996 32206 50507 67832 31786 88554 69271 59445 94979 64010 73962 99485 19822 21445 88708 6391 2984 55601 46865 19783 38132 66247 30327 43896 47330 74716 70272 13634 45774 60267 63293 47408 78158 55977 70529 62298 3456 42198 10207 55789 27913 93990 98126 20394 24500 67713 50895 51818 73458 76576 65213 66916 76296 15714 68494 39262 4147 57355 76374 32539 3939 17159 83780 83137 38151 13459 2036 26736 39962 70758 17045 70486 24072 21735 82581 74231 87950 64885 18103 53644 73288 75881 64468 38839 88198 82146 84438 94227 88761 2513 8634 44348 36627 9137 85242 41533 39748 55507 12507 19798 54829 37647 26756 27523 16222 47822 9174 74371 42872 93795 28910 92569 96114 98933 97806 90924 8016 60887 89077 22417 87078 66694 20172 23102 16875 11370 42078 51972 81608 52672 16386 5062 87899 21409 97036 79546 61767 83871 95522 33325 24597 52783 97253
583 150
23101 68692 75160 31618 59137 11678 31291 17709 3157 10948 81869 95436 7875 16760 75939 90929 30264 72829 56478 7937 97675 60602 80494 23574 87306 80560 3791 31577 36400 2177 53170 66802 62125 21461 98899 17221 55334 66512 79125 78721 80062 5145 38236 59888 99468 21721 18643 31789 8845 68896 65062 3799 77797 3379 93116 96752 92527 76743 77704 23548 34562 17045 13066 54590 90834 1069 66295 53597 18562 37909 48140 57635 93651 43177 17420 44817 70275 5942 9112 42282 11911 65985 2388 79178 64601 18103 86995 56017 63526 48316 75956 39794 50930 65117 10632 74747 63935 79258 87451 89402 30051 77465 26529 77979 94214 95128 9966 11219 71519 23520 78238 16212 38927 31712 5037 92015 81155 6567 57810 5041 10262 39826 98934 60486 9169 26049 76275 34000 89610 2549 68817 45261 16537 81216 70146 79874 77602 31107 91936 5108 44366 91038 80769 96179 26624 86824 36525 76388 95841 44954
264 144
24606 69257 45546 8296 82009 86761 576 14304 92830 76994 23999 24518 74704 2400 63457 80708 34708 68410 36164 38550 49080 46139 74610 3400 64935 1603 53518 37857 35844 52338 76954 10289 15802 46511 15163 25422 92888 5549 33886 54353 96414 49272 74143 5906 35444 88017 63754 74083 45802 56550 366 52664 39321 57856 81023 24076 31139 58743 44384 57054 36923 75515 44053 37943 13745 66619 85610 80402 60146 12312 32956 27713 91735 36330 57972 90143 85302 71654 30249 68238 83897 33543 55819 58526 46546 2236 85812 27023 43639 31482 52149 59623 46999 65574 1622 43008 46314 91833 31465 41643 59834 32498 78206 19851 54898 48393 81286 67581 88608 73145 73915 60957 59454 37429 17927 73026 84637 73480 70949 4713 74305 93964 87062 87673 76560 61418 57810 5215 80153 25645 49258 74670 60331 45237 50699 94621 81318 80234 47841 1007 55337 11611 33426 66952
602 286
15550 69364 79903 23967 33121 63011 56764 30097 17387 87189 85484 75429 14932 12166 75939 90748 36501 30426 46139 77427 73950 97434 88461 2233 61389 67152 93832 69677 84684 94172 65637 17610 23417 90624 17583 63771 15858 2260 35969 43991 53812 54700 10745 12549 88856 4872 88739 62860 59356 36168 84258 42378 56331 51871 54410 98352 1482 75515 94920 43645 53923 79835 20347 6387 59266 4179 96765 93225 27816 39709 11215 21240 94426 3788 21673 43331 50611 6074 24072 73206 26052 45824 41607 64194 30370 30318 71998 51658 88512 445 87651 83262 21197 7842 77416 96138 23413 77513 59000 90433 71518 78680 27285 81286 37305 62851 34878 51856 37805 84370 95251 48377 77360 13815 75527 87183 79191 60800 88926 98340 43859 68169 20301 24819 34288 28556 43277 65747 37733 71367 11370 86161 18259 50120 70857 14429 89008 73109 47178 99150 93101 25010 70890 12171 27573 88371 754 19808 27957 35234 18890 6077 48892 13262 58980 91696 94369 42259 88753 26320 76400 22939 88273 75468 3130 44376 27854 58333 83568 5342 85096 49738 48813 16390 59051 59706 28297 79826 56487 39402 48210 13735 83339 19999 91207 94066 77060 84010 94695 93260 457 52666 52402 85524 12293 63478 28339 73508 64892 20639 1194 61462 62810 10126 57686 5609 39292 92634 11490 8237 86615 85206 37015 64336 26929 64494 79934 55724 61781 31341 36854 83151 10423 61810 66772 77609 33625 18701 33634 38155 32916 75555 96204 43037 97897 96635 15749 4098 30768 82293 81764 29293 41369 55241 18071 74420 33788 70710 99371 9967 42035 53853 8253 43972 42303 23113 9248 13410 88730 49152 5727 47827 28266 1504 23062 24794 14143 41635 46863 37281 38507 44062 98299 70244 7661 80698 80005 46620 39574 3470 28966 8292 10120 22996 90712 41613
298 272
50023 84578 47996 21786 51566 87866 84440 61757 63137 76912 86350 94081 87867 39007 64935 33726 61321 47915 82255 36339 31001 79350 46959 47294 94278 66574 77845 82701 41800 19651 50500 63448 42227 20059 33419 55497 66290 27804 22798 17221 8463 16141 443 33317 88148 53628 83537 30243 63988 64947 9407 76356 94754 78068 85197 62671 63628 35491 66533 99738 41520 7191 33894 34051 9061 16352 93165 49393 77958 24971 82989 2963 79111 98772 50273 28699 7997 85507 99838 35349 28236 51476 65301 11957 58171 66810 68520 52801 83524 71544 79250 85742 91153 27683 67415 7938 3601 3040 63130 25373 4581 16771 13274 90320 63086 20889 87298 34244 78080 11466 52028 58454 94951 49177 382 70551 33619 64714 73924 70707 45050 41306 39026 83282 70680 90892 28124 9774 75171 96019 86072 30614 38457 65179 46724 86161 13884 37733 10091 86268 13519 47290 42400 23913 78263 96151 85359 58376 46165 36944 1893 73773 46704 97775 23338 82095 70557 51742 57566 65277 55109 70542 37282 48300 22867 14756 59853 53674 69967 37556 12452 86347 5728 11018 50851 91767 14931 42577 16904 99542 3949 80340 45736 84713 50529 52546 2214 68743 7286 469 47935 72897 67953 73239 34546 60415 23079 69113 94490 93535 29802 61062 81411 70003 18551 75207 1144 34336 10501 93873 82227 4437 81064 1194 48968 90556 27583 81914 32557 26302 33006 80263 55121 4511 82875 64707 41842 30612 60766 93312 3223 46881 7488 53573 75765 21524 42396 57126 62828 21955 33394 13268 42310 93648 29678 36471 3073 41860 7150 91984 13822 2609 47960 5306 7437 89109 81339 83412 87865 9445 85681 66929 18292 9474 26921 40293 73394 67893 54148 72987 70864 53222
253 127
65599 30252 99359 59137 1134 92211 70278 43465 1720 77047 65226 57962 48292 94755 56212 38432 62578 45277 36811 74656 59217 74365 67649 13179 76259 20704 80533 14689 33480 91042 8548 8081 49272 51001 74252 27475 69828 62927 44903 24364 71393 62342 3581 14986 8629 29016 69856 34580 42987 18643 97254 78393 37398 15372 71836 38361 59812 72142 57421 44053 84778 3019 30952 61374 88662 14199 46379 39141 76545 67515 18631 34568 66818 28378 27072 45939 92814 71273 87534 25779 73384 22901 4595 18246 15383 44641 64389 92931 20449 82538 46856 91447 33927 92514 48329 50961 39767 48102 88140 27376 2168 18975 15417 78070 22259 49362 88177 7096 66374 84172 93698 4568 97733 40352 41148 3258 38075 99423 24783 9627 25334 60486 76275 9774 2837 29995 90603
325 246
292 93871 12099 55807 6419 56977 30964 8287 75075 54730 81419 22981 17689 96165 85057 64096 63743 82885 55834 42769 10289 26207 19491 95917 5837 39019 4112 31001 42961 47401 15005 2463 82943 59648 16665 56841 2291 12761 21200 7921 60213 44119 25733 76840 23797 66512 51167 273 54439 65100 87354 26677 98856 37956 16187 42494 12973 56509 38848 52195 93225 27816 18013 24690 89340 91590 35439 50149 73994 27725 71215 58949 25603 60551 95590 21735 74183 58493 51788 51581 24585 71009 39013 52274 3567 3053 64389 88028 20680 16029 60605 19379 19435 77578 41200 90926 87873 49362 92100 987 53399 51309 21529 40807 93226 34836 11887 89362 23887 28613 35392 48331 38775 58667 58666 46823 18169 63197 67236 61722 58207 2837 76102 40405 90603 38720 16882 85357 73718 89704 25237 16628 60342 47178 23913 61224 15738 18150 23666 20143 40617 62815 63955 18549 98173 41957 47883 88050 63192 9080 91817 17331 35177 79001 78256 72817 21060 81252 41353 5468 70991 24067 96757 16480 2441 42584 31460 58930 82566 6518 20025 78822 90759 98062 40751 7229 32940 3983 35192 98270 85175 71070 93691 48328 95030 51264 8816 99381 85173 54351 22209 67303 3152 64357 25498 37895 45718 81914 68651 35128 21518 44085 36313 16443 57187 68995 4162 32079 82221 45919 47078 95493 85034 63907 88911 4219 36658 13679 94683 29713 46051 43046 45606 46299 42225 2659 22351 60734 53101 12978 93648 15826 18789 69888 76787 65038 97044 95012 2876 81931 79707 66197 22388 28271 60834 25257
220 240
27077 2198 50090 64424 60758 99184 811 36737 26111 83498 70166 58792 12330 11057 57216 16647 63215 35327 11603 20515 67152 53273 2789 65627 80378 65180 50732 5223 76860 95269 27525 18116 44729 70832 49549 72348 91492 77287 54596 95702 90171 85747 98793 83211 34580 94732 28391 99 89955 11388 80621 4842 43574 42949 30680 19364 34466 75887 12547 40447 21782 73062 99106 31240 71294 1431 72946 3497 27582 74755 22672 8990 30822 16535 9765 12115 87211 58493 78855 34831 80495 73737 32167 80002 20449 26871 58858 88211 83168 53009 94370 97878 55899 7790 89536 86045 2334 37902 70141 26751 21996 27411 41509 85327 6567 42815 83026 24940 79024 53528 44212 24777 54684 65589 92914 34452 47351 54052 70062 25058 2405 68139 99451 58824 92149 93187 81829 31217 88888 13500 40011 91729 44553 70733 93652 48029 97123 79880 6700 24842 73993 21116 54005 18622 32162 2919 63417 42196 72731 77481 4148 11324 64143 51256 24607 13205 64872 20960 96321 31460 2210 91834 71081 37726 99164 78492 66580 83690 29493 41910 343 1553 72729 64207 42283 15599 21664 79170 26647 31196 13475 43945 31944 6618 27976 27703 14399 48442 84396 20829 20936 28037 57063 37833 1194 28292 31769 27074 3811 21029 86332 53053 72435 80832 4176 37260 36533 18160 53507 87427 26434 65845 30600 13247 76594 14867 13704 55912 62201 35211 68093 70072 20727 43184 87722 69964 77362 81892 54528 87726 34540 43412 61247 52864 70893 15826 86937 93467 50637 15055
28 222
94988 89912 3247 54977 97677 29589 18920 18683 50221 71187 2400 30264 8932 82336 29901 16770 65789 92459 24411 97963 92264 17594 50268 64667 46587 85889 30515 46499 86964 43862 72902 21500 87780 20486 84312 13201 7734 30750 17584 81330 956 44903 47959 69324 41067 99507 29042 50307 75419 44455 44211 48660 23815 64697 40733 96444 91492 29888 92839 71675 58542 2300 52613 24905 97254 4492 25581 38361 20067 76986 93225 93801 82835 92099 77704 69448 60730 71654 14453 70751 41598 39064 13678 72410 35580 2974 17244 86920 65445 98724 21568 14444 22546 90531 5464 15545 62938 3148 23923 26976 40121 2639 40754 32498 92089 67651 50693 34358 45152 8276 38928 4757 7096 79080 84172 72215 83270 23348 31720 2683 34931 91859 25945 64553 60389 68409 2351 11271 66046 75813 80153 33259 67645 17265 60486 88215 32127 14071 63485 50588 86294 54052 10958 36801 31768 71868 12172 39462 22254 93599 58897 69763 36814 91719 33401 97521 45771 26517 91867 92609 34102 76381 46399 25155 20894 42693 63678 26956 6304 50957 70002 24881 5859 81040 11371 670 7252 46392 13093 9017 61784 63708 50253 40763 23864 54249 86971 22970 83311 72510 9141 16447 74866 50769 72577 47498 8660 57648 65 33174 36559 57724 11476 549 6242 32894 23012 32568 60210 31672 83027 61206 48655 58715 52890 12942 65021 953 36099 98751 71539 92226
182 206
31754 20221 43202 96092 84019 47492 18920 12166 90681 63509 88137 2533 13418 81076 88657 75368 54016 17136 43478 28051 9478 72864 67250 29601 33983 26061 56642 74298 14146 30491 13925 3633 5223 13664 46467 24048 59545 91603 20243 26677 73642 71403 73610 70410 73582 9467 37416 8093 43392 29499 87545 1594 64234 40475 14734 74237 30114 60143 96514 25001 86856 37727 83930 77154 51610 17045 15299 62760 23957 34495 81933 47623 80890 80811 59169 86527 8438 62585 38650 82456 64423 29674 94889 18508 65939 68749 3316 3601 38471 46859 75472 73915 29116 59454 37305 39172 53540 88480 37318 48818 76965 96260 63481 62955 43 76802 60389 60706 26733 40222 43744 90944 2220 59565 13102 27973 26001 87397 67645 90892 32877 44952 51504 91979 97467 90869 91506 71868 19602 31768 5866 92812 44553 69678 70733 31596 87092 66470 91719 26624 33325 75318 21359 61449 68290 6077 68860 53623 14244 22604 13550 298 86548 91817 15440 33896 22307 89462 48554 36742 50834 78856 12165 49387 74771 42157 1646 46866 69736 52968 57853 65702 94878 96625 48721 9895 88332 64207 91459 46571 90227 76037 68297 34546 27158 49076 53930 59921 45019 25900 44783 99899 99846 28719 12201 31534 45422 60722 85841 8873 59377 34709 68702 67835 40158 80094
467 97
73120 71462 24983 61013 33393 48977 61995 32338 19924 2310 15611 13601 80016 12840 74506 38144 7879 49319 80393 37544 39007 36278 59957 35136 7210 50268 87523 86623 7491 52361 25772 11108 62457 25034 54197 77125 88170 564 64449 76598 50500 79280 98147 3032 80932 20494 13888 40671 30225 44684 56714 35886 23457 89061 33652 42114 64752 24676 68551 93825 58661 32669 97331 29578 10809 27887 6846 76749 31047 13459 50730 93110 7191 18949 29638 44321 62239 43493 70751 57570 70726 87251 77783 47067 64427 68706 48792 51788 93741 21148 74673 64572 84792 59714 57177 80424 3040
955 91
50808 53080 67080 95675 99878 26101 79903 52301 68039 87691 65989 36696 8427 76912 16770 86350 96373 34933 83558 37492 75284 6145 96197 36675 17136 47628 7498 25844 98366 31066 29788 56514 16737 62088 74143 13307 49561 82319 43075 77893 17154 61872 34941 55789 40134 90023 92141 64084 73456 25329 19401 23815 19801 22464 49418 29534 17290 13753 6931 9407 72298 43733 37023 29799 19917 62671 74541 24655 15115 96752 58850 29866 66533 43746 37701 8710 14309 51582 40798 84261 74194 21735 34831 85260 62868 7997 58254 60628 920 62213 93070
210 88
292 1859 44394 41228 98700 59762 90206 80799 28809 14593 27024 75429 72891 40628 60019 85632 67 33164 96573 54666 11441 88894 61488 92334 76892 94308 46511 7589 23297 28256 47824 14166 45043 33126 3982 52810 63945 18254 85931 23612 87807 93542 42754 8458 338 25939 63511 55341 48880 23735 47984 2685 38825 44707 24643 57020 81610 4212 32170 8063 6790 31177 19910 65955 53962 53825 54036 36917 44486 74882 42836 79111 88348 37866 75088 80285 35452 48634 46674 15383 24585 64194 90619 22713 99831 53644 11909 33251
475 168
48755 30100 74594 35409 49998 95753 54764 72788 50977 41594 18329 87814 28151 41377 7746 19335 99608 53294 79260 63509 75322 63137 2027 46376 92924 67649 53598 6132 34670 37809 69377 46820 72475 83739 62025 51912 72945 64920 87738 10923 62184 84378 99136 26143 63962 11211 25170 73270 12653 15198 93785 62945 59413 84793 77157 62860 82391 96909 43449 48071 21721 89612 18548 89839 71224 98279 72142 86194 52577 25256 57870 88066 84778 41677 88422 81763 79381 31141 34568 13148 69294 21735 44156 41131 96438 11585 53425 50425 23378 95043 51364 40920 24358 74155 92164 50071 67839 85304 75956 75954 99554 4023 51023 22964 56120 16581 46965 49700 86513 53897 80798 9329 53243 30837 93459 75339 53738 42688 32469 85881 61744 42373 32197 89449 86305 55357 83923 8899 51668 54624 46788 88535 68865 22278 27973 50057 74612 33823 30712 26395 41424 86294 46672 21325 94055 60035 99679 46381 2026 81829 95006 30146 21234 6118 62815 36229 46754 1658 51887 92683 6037 82121 62204 92819 76993 49597 28146 97710
888 78
6670 26227 2198 27888 59830 73554 87404 63550 85615 37992 56446 66469 43172 47627 35334 63606 14945 66431 77505 60544 3294 50867 74820 95417 23907 42993 61405 96263 6092 46060 64057 12212 52713 56821 70499 45298 38132 9530 93671 49379 70555 16256 69502 11181 11384 30750 58517 29042 82447 70896 50003 84216 366 94785 10163 1741 44377 78612 44895 22111 31643 88739 71335 2301 59259 99596 9402 9685 28391 96193 87970 56394 69746 99663 21132 30679 25186 75300
3 72
95207 42871 97814 54174 16003 43225 75469 58029 58353 3441 14297 21553 83803 18435 57108 10918 93333 80494 66113 83466 57479 68437 70555 54841 42128 67278 81702 48486 36759 36400 27695 59104 84615 21200 18151 52580 35886 73624 82935 44377 65786 64947 99468 50847 99447 80309 59966 63000 89308 11266 56357 37342 59357 89820 97028 39257 17159 91331 71812 29482 81346 30058 46044 99106 39828 40669 31286 49288 58013 47794 52245 3433
938 66
45622 98363 78384 35364 14383 42645 77309 23309 43465 14593 48271 89995 93697 69300 6197 99874 77830 68996 99535 33819 73405 4891 70603 43875 413 48201 46922 72650 27515 53401 30934 39839 52227 38562 35996 21631 41067 44031 38156 5913 63754 78687 41857 65890 52664 31139 91601 44808 4469 73642 22464 37599 4749 51818 29016 13300 74249 85875 97254 48527 83257 86552 46464 9575 55726 44053
499 60
42834 64635 15780 26683 69420 28452 61213 75251 81419 46446 95273 95436 37294 90681 10793 67427 75284 23063 49317 96893 23387 77474 51079 98519 92338 53033 26657 98366 82351 69502 69971 77125 16891 88225 62943 68959 36955 96796 85420 90907 83472 6279 47004 79494 19937 25170 42703 96503 2462 51098 56991 66102 7337 10026 21132 44006 60821 60282 24863 17175
314 57
47585 28539 57301 90915 73729 27148 60487 14226 39629 61912 4739 97805 54265 68996 63062 75429 28373 11901 83159 33970 31144 80667 92334 19775 63827 89945 54841 47330 78267 18143 27695 71449 88201 63511 73483 75533 22448 54439 59042 15812 65786 82182 46222 8308 60960 2855 28557 88176 37023 45273 2490 18191 49636 19403 12500 65718 64045
277 47
99787 24983 92981 26101 12382 95150 58155 95753 14945 42345 51049 80708 97701 57082 22947 23843 98212 26668 58755 21129 80219 20565 72959 65972 85770 9305 30135 82521 49576 41440 92338 77367 58547 18028 67923 95140 34459 19100 47408 91453 27234 80762 49626 85931 10357 9513 26242
705 76
15550 23101 25246 15966 96092 20442 82526 45118 67392 73388 689 74639 73672 61786 58208 74506 86603 83805 39683 41612 44350 5746 65616 76892 43076 44333 35126 31667 57479 97919 75415 18196 43326 1782 5749 17858 42367 25336 40214 31498 18686 66577 24792 85407 52715 70654 24364 45670 84793 74468 51444 8017 39398 62101 29625 18305 13671 2685 89002 28557 38361 24223 75714 59812 21669 38870 58704 40321 97355 54065 73309 74604 61317 27748 22498 31670
73 30
67080 29330 35488 79703 59150 9292 24374 37469 1661 16770 32407 99485 89538 27488 27481 32802 54707 69096 76259 50676 68288 59793 14512 79350 31066 62184 82151 88360 99112 40419
700 56
31811 96361 64661 37253 1968 6100 80385 22813 41526 49200 1399 9447 27095 74842 49386 68479 53586 80962 70166 75284 36532 52762 10477 36798 70945 96246 84205 63293 90624 79396 35499 58298 6279 10787 21133 90023 55850 66678 58133 98164 19401 81352 87354 87490 86901 26542 84636 3796 89291 87319 87582 43021 64752 42293 70119 97746
449 20
74594 35187 42353 74715 93697 94979 73388 17765 14221 65440 82534 62859 55538 61280 36532 63613 96654 70792 45117 8738
956 13
3116 5674 98295 24021 76904 62676 74817 66755 47195 50619 84152 87849 75322
972 24
64661 8296 77091 9545 87891 37503 60255 17177 70278 9712 19927 81419 81449 67656 84951 76912 86454 8272 82336 874 87323 9157 30135 64859
598 12
29857 45258 11412 80328 86171 32741 6765 38952 36754 30711 12308 74466